Numero objetos : 1
Numero luces :   4


Objeto
1			 (Material : jhacerlos de momento sin material)
0.2 0.2 0.2
1.0 0.3 0.0
1.0 1.0 1.0
0.3 0.8 0.6
10

22			 (numero de vertices)
0.0 0.0 0.0
0.0 7.0 0.0
4.0 7.0 0.0
4.0 3.0 0.0
9.0 3.0 0.0
9.0 0.0 0.0
0.0 0.0 8.0
0.0 7.0 8.0
4.0 7.0 8.0
4.0 3.0 8.0
9.0 3.0 8.0
9.0 0.0 8.0
4.0 3.0 5.0
4.0 5.0 5.0
4.0 5.0 3.0
4.0 3.0 3.0
6.0 3.0 3.0
6.0 3.0 5.0
0.0 1.0 5.0
0.0 6.0 5.0
0.0 6.0 3.0
0.0 1.0 3.0

23 			(numero de caras)
a: 4 , 0 1 2 3 0
   4 , 0 3 4 5 0
b: 4 , 6 11 10 9 6 
   4 , 6 9 8 7 6
c: 4 , 2 1 7 8 2
d: 4 , 5 4 10 11 5
e: 4 , 3 2 14 15 3
   4 , 8 13 14 2 8
   4 , 8 9 12 13 8
f: 4 , 9 10 17 12 9
   4 , 17 10 4 16 17
   4 , 3 15 16 4 3
g: 4 , 0 5 11 6 0
h: 4 , 14 13 19 20 14
i: 4 , 17 16 21 18 17
j: 4 , 19 13 12 18 19
   3 , 12 17 18 12
k: 4 , 14 20 21 15 14
   3 , 21 16 15 21
l: 4 , 7 1 20 19 7
m: 4 , 1 0 21 20 1
n: 4 , 0 6 18 21 0
o: 4 , 6 7 19 18 6


luces :
10.0 10.0 10.0
0.9 0.0 0.0

luces :
-10.0 -10.0 -10.0
0.9 0.0 0.0

luces :
10.0 10.0 -10.0
0.9 0.0 0.0

luces :
-10.0 0.0 10.0
0.9 0.0 0.0



