ModelFronteres quatre

1
4

0
16
0.  0.  0.
0.  0.  5.
3.  0.  5.
3.  0.  0.
0.  8.  0.
0.  8.  5.
3.  8.  5.
3.  8.  0.
1.  2.  1.
1.  2.  4.
2.  2.  4.
2.  2.  1.
1.  6.  1.
1.  6.  4.
2.  6.  4.
2.  6.  1.


16
a: 4 , 5 1 2 6 5
b: 4 , 1 5 13 9 1
c: 4 , 9 13 14 10 9
d: 4 , 10 14 6 2 10
e: 4 , 4 5 6 7 4
f: 4 , 5 4 12 13 5
g: 4 , 13 12 15 14 13
h: 4 , 14 15 7 6 14
i: 4 , 0 4 7 3 0
j: 4 , 4 0 8 12 4
k: 4 , 12 8 11 15 12
m: 4 , 15 11 3 7 15
n: 4 , 1 0 3 2 1
o: 4 , 0 1 9 8 0
p: 4 , 8 9 10 11 8
q: 4 , 11 10 2 3 11

luces :
10.0 10.0 10.0
0.9 0.0 0.0

luces :
-10.0 -10.0 -10.0
0.9 0.0 0.0

luces :
10.0 10.0 -10.0
0.9 0.0 0.0

luces :
-10.0 0.0 10.0
0.9 0.0 0.0



