ModelFronteres dos
1
4

0
16
0.  0.  0.
0.  0.  5.
3.  0.  5.
3.  0.  0.
0.  8.  0.
0.  8.  5.
3.  8.  5.
3.  8.  0.
1.  2.  1.
1.  2.  4.
2.  2.  4.
2.  2.  1.
1.  6.  1.
1.  6.  4.
2.  6.  4.
2.  6.  1.


16
a: 4 , 0 1 5 4 0
b: 4 , 0 4 7 3 0
c: 4 , 3 7 6 2 3
d: 4 , 1 2 6 5 1
e: 4 , 4 5 13 12 4
f: 4 , 12 13 9 8 12
g: 4 , 8 9 1 0 8
h: 4 , 7 4 12 15 7
i: 4 , 15 12 8 11 15
j: 4 , 11 8 0 3 11
k: 4 , 6 7 15 14 6
m: 4 , 14 15 11 10 14
n: 4 , 10 11 3 2 10
o: 4 , 5 6 14 13 5
p: 4 , 13 14 10 9 13
q: 4 , 9 10 2 1 9


luces :
10.0 10.0 10.0
0.9 0.0 0.0

luces :
-10.0 -10.0 -10.0
0.9 0.0 0.0

luces :
10.0 10.0 -10.0
0.9 0.0 0.0

luces :
-10.0 0.0 10.0
0.9 0.0 0.0

