ModelFronteres tres

1
4

0
16
0.  0.  0.
0.  0.  5.
3.  0.  5.
3.  0.  0.
0.  8.  0.
0.  8.  5.
3.  8.  5.
3.  8.  0.
1.  2.  1.
1.  2.  4.
2.  2.  4.
2.  2.  1.
1.  6.  1.
1.  6.  4.
2.  6.  4.
2.  6.  1.


16
a: 4 , 5 6 7 4 5
b: 4 , 6 5 13 14 6
c: 4 , 14 13 12 15 14
d: 4 , 15 12 4 7 15
e: 4 , 6 2 3 7 6
f: 4 , 2 6 14 10 2
g: 4 , 10 14 15 11 10
h: 4 , 11 15 7 3 11
i: 4 , 2 1 0 3 2
j: 4 , 1 2 10 9 1
k: 4 , 9 10 11 8 9
m: 4 , 8 11 3 0 8
n: 4 , 1 5 4 0 1
o: 4 , 5 1 9 13 5
p: 4 , 13 9 8 12 13
q: 4 , 12 8 0 4 12


luces :
10.0 10.0 10.0
0.9 0.0 0.0

luces :
-10.0 -10.0 -10.0
0.9 0.0 0.0

luces :
10.0 10.0 -10.0
0.9 0.0 0.0

luces :
-10.0 0.0 10.0
0.9 0.0 0.0

