Modelfilferros
1 4
0
12
0.  0.  0.
0.  7.  0.
4.  7.  0.
4.  3.  0.
9.  3.  0.
9.  0.  0.
0.  0.  8.
0.  7.  8.
4.  7.  8.
4.  3.  8.
9.  3.  8. 
9.  0.  8.

10

a: 4 ,  0  1 2 3  0 
   4 ,  0 3 4 5   0
b: 4 , 11 10 9 6 11 
   4 , 6  9 8 7 6

c: 4 , 1 0 6 7 1
d: 4 , 2 1 7 8 2
e: 4 , 3 2 8 9 3
f: 4 , 4 3 9 10 4
g: 4 , 5 4 10 11 5
h: 4 , 0 5 11 6 0


luces :
10.0 10.0 10.0
0.9 0.0 0.0

luces :
-10.0 -10.0 -10.0
0.9 0.0 0.0

luces :
10.0 10.0 -10.0
0.9 0.0 0.0

luces :
-10.0 0.0 10.0
0.9 0.0 0.0

