Numero objetos : 1
Numero luces :   4


Objeto
1			 (Material : jhacerlos de momento sin material)
0.2 0.2 0.2
1.0 0.3 0.0
1.0 1.0 1.0
0.3 0.8 0.6
10

24			 (numero de vertices)
0.0 0.0 0.0
0.0 7.0 0.0
4.0 7.0 0.0
4.0 3.0 0.0
9.0 3.0 0.0
9.0 0.0 0.0
0.0 0.0 8.0
0.0 7.0 8.0
4.0 7.0 8.0
4.0 3.0 8.0
9.0 3.0 8.0
9.0 0.0 8.0
4.0 3.0 5.0
4.0 5.0 5.0
4.0 5.0 3.0
4.0 3.0 3.0
6.0 3.0 3.0
6.0 3.0 5.0
0.0 0.0 5.0
0.0 1.0 5.0
0.0 1.0 3.0
0.0 0.0 3.0
1.0 0.0 3.0
1.0 0.0 5.0

24 			(numero de caras)
a: 4 , 0 1 2 3 0
   4 , 0 3 4 5 0
b: 4 , 6 11 10 9 6 
   4 , 6 9 8 7 6
c: 4 , 2 1 7 8 2
d: 4 , 5 4 10 11 5
e: 4 , 3 2 14 15 3
   4 , 8 13 14 2 8
   4 , 8 9 12 13 8
f: 4 , 9 10 17 12 9
   4 , 17 10 4 16 17
   4 , 3 15 16 4 3
g: 4 , 6 7 19 18 6
   4 , 20 19 7 1 20
   4 , 21 20 1 0 21
h: 4 , 0 5 22 21 0
   4 , 22 5 11 23 22
   4 , 6 18 23 11 6
i: 4 , 14 13 19 20 14
j: 4 , 17 16 22 23 17
k: 4 , 19 13 12 18 19
   4 , 18 12 17 23 18
l: 4 , 14 20 21 15 14
   4 , 15 21 22 16 15


luces :
10.0 10.0 10.0
0.9 0.0 0.0

luces :
-10.0 -10.0 -10.0
0.9 0.0 0.0

luces :
10.0 10.0 -10.0
0.9 0.0 0.0

luces :
-10.0 0.0 10.0
0.9 0.0 0.0

