Objetos 2 Luces 2

1
1.0 0.0 0.0
1.0 0.0 0.0
1.0 1.0 1.0
0.3 1.0 0.6
10

8
3.2928932 4.2928934 5.2928934
3.2928932 4.2928934 6.7071066
4.7071066 4.2928934 6.7071066
4.7071066 4.2928934 5.2928934
3.2928932 5.7071066 5.2928934
3.2928932 5.7071066 6.7071066
4.7071066 5.7071066 6.7071066
4.7071066 5.7071066 5.2928934

6
4 3 2 1 0 3
4 2 3 7 6 2
4 4 5 6 7 4
4 0 1 5 4 0
4 0 4 7 3 0
4 1 2 6 5 1

1
0.0 1.0 0.0
0.0 1.0 0.0
1.0 1.0 1.0
0.3 1.0 0.6
10

8
5.2928934 4.2928934 3.2928932
5.2928934 4.2928934 4.7071066
6.7071066 4.2928934 4.7071066
6.7071066 4.2928934 3.2928932
5.2928934 5.7071066 3.2928932
5.2928934 5.7071066 4.7071066
6.7071066 5.7071066 4.7071066
6.7071066 5.7071066 3.2928932

6
4 3 2 1 0 3
4 2 3 7 6 2
4 4 5 6 7 4
4 0 1 5 4 0
4 0 4 7 3 0
4 1 2 6 5 1
luces :
-10.0 10.0 -10.0
0.7 0.7 0.7
luces :
10.0 10.0 10.0
0.7 0.7 0.7
