Objetos 1 Luces 2
1
1.0 0.0 0.0
1.0 0.0 0.0
1.0 1.0 1.0
0.3 1.0 0.6
10
8
2.8786798 2.8786798 2.8786798
2.8786798 2.8786798 7.1213202
7.1213202 2.8786798 7.1213202
7.1213202 2.8786798 2.8786798
2.8786798 7.1213202 2.8786798
2.8786798 7.1213202 7.1213202
7.1213202 7.1213202 7.1213202
7.1213202 7.1213202 2.8786798
6
4 , 3 2 1 0 3
4 , 2 3 7 6 2
4 , 4 5 6 7 4
4 , 0 1 5 4 0
4 , 0 4 7 3 0
4 , 1 2 6 5 1

luces :
-10.0 10.0 -10.0
0.7 0.7 0.7
luces :
10.0 10.0 10.0
0.7 0.7 0.7
