Numero objetos : 1
Numero luces :   2

;---------------------------------
Objetos
0
12
0.0  0.0  0.0
10.0 0.0  0.0
10.0 0.0  2.0
2.0  0.0  2.0
2.0  0.0  5.0
0.0  0.0  5.0

0.0  2.0  0.0
10.0 2.0  0.0
10.0 2.0  2.0
2.0  2.0  2.0
2.0  2.0  5.0
0.0  2.0  5.0


8
a: 6 , 0 1  2  3 4 5 0
b: 6 , 6 11 10 9 8 7 6
c: 4 , 5 4 10 11 5
d: 4 , 5 11 6 0 5
e: 4 , 1 0 6 7 1
f: 4 , 1 7 8 2 1
g: 4 , 2 8 9 3 2
h: 4 , 3 9 10 4 3

;----------------------------------------
luces :

-10.0 -10.0 -10.0
0.0 1.0 0.0

10.0 10.0 10.0
0.0 0.0 1.0
